cursor: oVUsBlIa9NAoQRDh8noziKWwLpc_DF1vVAztKRhIj4v28HLF3Z2mAGV3PUnWlf_4jBbpGgv6i9bEFnp798JXtIPvy-5n5SI5FHgqm464-r3sf_f2bw4bIO5mWO-OM93RXDzWZQL4c7gK4NXnOvPZZ0IyZsVzeGC22TcBoYcFIfVEsHo3xzz4ccjagv6ep4FJ_ON3R-Kpkn2iDjZ6KEsMOczTMvaYujxxYA==
block:
    id: 00000000042ed65f8a32aafe992405278b58f3831b3687f193744f40ae4750a5
    number: 70178399
active_boundary:
    start_block_number: 69312000
    end_block_number: 70178400
started_at: 2026-04-11T22:53:50.659429-06:00
restarted_at: 2026-04-12T10:31:05.662844-06:00
